y = 2022;
m = 02;
d = 14;
save mydate0214 y m d
