a(1).x1=10;a(1).x2='liu';a(1).x3=[11,21;34,78];
a(2).x1=12;a(2).x2='wang';a(2).x3=[34,191;27,578];
a(3).x1=14;a(3).x2='cai';a(3).x3=[13,890;67,231];
b={10,'liu',[11,21;34,78];12,'wang',[34,191;27,578];...
    14,'cai',[13,890;67,231]}